# oST version 5.0 parameters

[image]

width
1280

height
720

[left]

camera matrix
1462.938553 0.000000 630.744524
0.000000 1464.600081 337.706168
0.000000 0.000000 1.000000

distortion
0.070261 -0.175044 -0.002369 -0.001890 0.000000

rectification
0.999630 -0.017581 -0.020753
0.017516 0.999841 -0.003308
0.020808 0.002944 0.999779

projection
1613.244936 0.000000 677.138725 0.000000
0.000000 1613.244936 358.638924 0.000000
0.000000 0.000000 1.000000 0.000000
