# oST version 5.0 parameters

[image]

width
1280

height
720

[right]

camera matrix
1457.436838 0.000000 659.839761
0.000000 1459.778905 381.084715
0.000000 0.000000 1.000000

distortion
0.036806 -0.011374 -0.002004 -0.000888 0.000000

rectification
0.999637 -0.020457 -0.017529
0.020512 0.999785 0.002947
0.017465 -0.003305 0.999842

projection
1613.244936 0.000000 677.138725 -96.647690
0.000000 1613.244936 358.638924 0.000000
0.000000 0.000000 1.000000 0.000000
